-1.002801989324239473e+00 4.189976307045347181e-01 -2.625620221197778381e+00
5.701388114818328745e-01 2.017786707975877114e-01 1.264469238616536595e+00
-1.253480110247960910e-01 1.605709038742348105e-01 1.540058118301088408e+00
-2.241525811356261944e-01 2.719873727798859386e-01 2.113841015247485355e+00
-2.881761562505124608e-01 -4.451773037748334994e-01 1.500063549470616042e+00
-3.822994297269167174e-01 3.397884922986394995e-01 1.759062940149591636e+00
2.491161077883954911e-01 7.698810004235180360e-01 5.979016825872087715e-01
-1.351971359264554584e+00 1.214341635740635306e-01 2.599286512668935067e+00
-1.322258667904711915e+00 3.754275528694969721e-01 1.340441369779449943e+00
-1.296491685245167447e-01 1.158161522329820281e+00 -2.808939982668582580e+00
