4.263054239961419398e+02 -2.609058896226423485e+02 1.544214620365172323e+03
1.661024792622811788e+02 -1.491016593122988354e+02 6.604903041117610201e+02
-2.554209411974086947e+02 -9.225449610220336183e+01 1.523161370857218344e+03
3.742646451334288713e+02 -3.542591935452044254e+02 1.337340673477505106e+03
5.644470906223237989e+02 -3.131433318612047856e+02 1.196243475978499873e+03
5.284294328925424225e+02 2.855185714998291360e+02 1.155581333018543319e+03
5.093756009651183945e+02 3.165605130843250663e+02 1.432004608560489714e+03
-1.486768841575155022e+02 1.290006937583412991e+02 8.405804519071903087e+02
-1.903332863262196994e+01 9.937222436214216259e+01 6.345250343078629385e+02
1.630922629147130465e+02 -2.922529711814818754e+01 6.704162866944027428e+02
